Signals=time	calc.reset	calc.clk	calc.load_alpha	calc.load_beta	calc.datos	calc.r	calc.ra	calc.ralpha	calc.rbeta	calc.w	calc.wa	calc.walpha	calc.c	calc.i	calc.za	calc.reg_alpha.r	calc.reg_beta.r	calc.ci.r	calc.acc.r
Radix=ns	Hex	Hex	Hex	Hex	Binary	Hex	Hex	Hex	Hex	Hex	Hex	Hex	Hex	Hex	Hex	Binary	Binary	Binary	Binary
Type	IN	IN	IN	IN	I/O	I/O	I/O	I/O	I/O	I/O	I/O	I/O	I/O	I/O	I/O	I/O	I/O	I/O	I/O
Width	1	1	1	1	4	1	1	1	1	1	1	1	1	1	1	4	4	4	5
         0	0	0	0	0	1110	U	U	U	U	U	U	U	U	U	U	0000	0000	0000	00000
        41	0	0	0	0	1110	U	0	0	0	0	U	0	0	0	0	0000	0000	0000	00000
        50	1	0	1	0	1110	U	0	0	0	0	U	0	0	0	0	0000	0000	0000	00000
        52	1	0	1	0	1110	0	0	0	0	0	0	0	0	0	0	0000	0000	0000	00000
       100	1	1	1	0	1110	0	0	0	0	0	0	0	0	0	0	0000	0000	0000	00000
       150	1	1	0	0	1110	0	0	0	0	0	0	0	0	0	0	1110	0000	0000	00000
       200	1	0	0	0	1111	0	0	0	0	0	0	0	0	0	0	1110	0000	0000	00000
       250	1	0	0	1	1111	0	0	0	0	0	0	0	0	0	0	1110	0000	0000	00000
       300	1	1	0	1	1111	0	0	0	0	0	0	0	0	0	0	1110	0000	0000	00000
       350	1	1	0	0	1111	0	0	0	0	0	0	0	0	0	0	1110	1111	0000	00000
       400	1	0	0	0	ZZZZ	0	0	0	0	0	0	0	0	0	0	1110	1111	0000	00000
       500	1	1	0	0	ZZZZ	0	0	0	0	0	0	0	0	0	0	1110	1111	0000	00000
       536	1	1	0	0	ZZZZ	0	0	1	0	1	0	0	0	0	1	1110	1111	0000	00000
       600	1	0	0	0	ZZZZ	0	0	1	0	1	0	0	0	0	1	1110	1111	0000	00000
       700	1	1	0	0	1110	0	0	1	0	1	0	0	0	0	1	1110	1111	0000	00000
       741	1	1	0	0	1110	0	0	0	0	0	0	0	0	0	0	1110	1111	0000	00000
       747	1	1	0	0	1110	1	0	0	0	0	1	0	0	0	0	1110	1111	0000	00000
       750	1	1	0	0	1110	1	0	0	0	0	1	0	0	0	0	1110	1111	1110	00000
       800	1	0	0	0	1110	1	0	0	0	0	1	0	0	0	0	1110	1111	1110	00000
       900	1	1	0	0	ZZZZ	1	0	0	0	0	1	0	0	0	0	1110	1111	1110	00000
       950	1	1	0	0	ZZZZ	1	0	0	0	0	1	0	0	0	0	1110	1111	1110	01110
      1000	1	0	0	0	ZZZZ	1	0	0	0	0	1	0	0	0	0	1110	1111	1110	01110
      1100	1	1	0	0	ZZZZ	1	0	0	0	0	1	0	0	0	0	1110	1111	1110	01110
      1136	1	1	0	0	ZZZZ	1	0	0	1	1	1	0	0	0	0	1110	1111	1110	01110
      1150	1	1	0	0	ZZZZ	1	0	0	1	1	1	0	0	0	0	1110	1111	1110	11100
      1152	1	1	0	0	ZZZZ	0	0	0	1	1	0	0	0	0	0	1110	1111	1110	11100
      1200	1	0	0	0	ZZZZ	0	0	0	1	1	0	0	0	0	0	1110	1111	1110	11100
      1300	1	1	0	0	ZZZZ	0	0	0	1	1	0	0	0	0	0	1110	1111	1110	11100
      1336	1	1	0	0	ZZZZ	0	0	0	1	1	0	0	1	0	0	1110	1111	1110	11100
      1341	1	1	0	0	ZZZZ	0	0	0	0	0	0	0	1	0	0	1110	1111	1110	11100
      1350	1	1	0	0	ZZZZ	0	0	0	0	0	0	0	1	0	0	1110	1111	ZZZZ	11100
      1400	1	0	0	0	ZZZZ	0	0	0	0	0	0	0	1	0	0	1110	1111	ZZZZ	11100
      1500	1	1	0	0	ZZZZ	0	0	0	0	0	0	0	1	0	0	1110	1111	ZZZZ	11100
      1505	1	1	0	0	ZZZZ	0	0	0	0	0	0	0	1	0	0	1110	1111	XXXX	11100
      1536	1	1	0	0	ZZZZ	0	0	0	0	0	0	0	1	1	0	1110	1111	XXXX	11100
      1541	1	1	0	0	ZZZZ	0	0	0	0	0	0	0	0	1	0	1110	1111	XXXX	11100
      1600	1	0	0	0	ZZZZ	0	0	0	0	0	0	0	0	1	0	1110	1111	XXXX	11100
      1700	1	1	0	0	ZZZZ	0	0	0	0	0	0	0	0	1	0	1110	1111	XXXX	11100
      1705	1	1	0	0	ZZZZ	0	0	0	0	0	0	0	0	1	0	1110	1111	0001	11100
      1736	1	1	0	0	ZZZZ	1	0	0	0	0	1	0	0	1	0	1110	1111	0001	11100
      1741	1	1	0	0	ZZZZ	1	0	0	0	0	1	0	0	0	0	1110	1111	0001	11100
      1800	1	0	0	0	ZZZZ	1	0	0	0	0	1	0	0	0	0	1110	1111	0001	11100
      1900	1	1	0	0	ZZZZ	1	0	0	0	0	1	0	0	0	0	1110	1111	0001	11100
      1936	1	1	0	0	ZZZZ	1	1	0	0	0	1	1	0	0	0	1110	1111	0001	11100
      1941	1	1	0	0	ZZZZ	0	1	0	0	0	0	1	0	0	0	1110	1111	0001	11100
      1950	1	1	0	0	ZZZZ	0	1	0	0	0	0	1	0	0	0	1110	1111	0001	11101
      2000	1	0	0	0	ZZZZ	0	1	0	0	0	0	1	0	0	0	1110	1111	0001	11101
      2100	1	1	0	0	1101	0	1	0	0	0	0	1	0	0	0	1110	1111	0001	11101
      2141	1	1	0	0	1101	0	0	0	0	0	0	0	0	0	0	1110	1111	0001	11101
      2150	1	1	0	0	1101	0	0	0	0	0	0	0	0	0	0	1101	1111	0001	11101
      2200	1	0	0	0	1101	0	0	0	0	0	0	0	0	0	0	1101	1111	0001	11101
      2300	1	1	0	0	ZZZZ	0	0	0	0	0	0	0	0	0	0	1101	1111	0001	11101
      2400	1	0	0	0	ZZZZ	0	0	0	0	0	0	0	0	0	0	1101	1111	0001	11101
      2500	1	1	0	0	ZZZZ	0	0	0	0	0	0	0	0	0	0	1101	1111	0001	11101
      2600	1	0	0	0	ZZZZ	0	0	0	0	0	0	0	0	0	0	1101	1111	0001	11101
      2700	1	1	0	0	ZZZZ	0	0	0	0	0	0	0	0	0	0	1101	1111	0001	11101
      2800	1	0	0	0	ZZZZ	0	0	0	0	0	0	0	0	0	0	1101	1111	0001	11101
      2900	1	1	0	0	ZZZZ	0	0	0	0	0	0	0	0	0	0	1101	1111	0001	11101
      3000	1	0	0	0	ZZZZ	0	0	0	0	0	0	0	0	0	0	1101	1111	0001	11101
      3100	1	1	0	0	ZZZZ	0	0	0	0	0	0	0	0	0	0	1101	1111	0001	11101
      3200	1	0	0	0	ZZZZ	0	0	0	0	0	0	0	0	0	0	1101	1111	0001	11101
      3300	1	1	0	0	ZZZZ	0	0	0	0	0	0	0	0	0	0	1101	1111	0001	11101
      3400	1	0	0	0	ZZZZ	0	0	0	0	0	0	0	0	0	0	1101	1111	0001	11101
      3500	1	1	0	0	ZZZZ	0	0	0	0	0	0	0	0	0	0	1101	1111	0001	11101
      3600	1	0	0	0	ZZZZ	0	0	0	0	0	0	0	0	0	0	1101	1111	0001	11101
      3700	1	1	0	0	ZZZZ	0	0	0	0	0	0	0	0	0	0	1101	1111	0001	11101
      3800	1	0	0	0	ZZZZ	0	0	0	0	0	0	0	0	0	0	1101	1111	0001	11101
      3900	1	1	0	0	ZZZZ	0	0	0	0	0	0	0	0	0	0	1101	1111	0001	11101
      4000	1	0	0	0	ZZZZ	0	0	0	0	0	0	0	0	0	0	1101	1111	0001	11101
      4100	1	1	0	0	ZZZZ	0	0	0	0	0	0	0	0	0	0	1101	1111	0001	11101
      4200	1	0	0	0	ZZZZ	0	0	0	0	0	0	0	0	0	0	1101	1111	0001	11101
      4300	1	1	0	0	ZZZZ	0	0	0	0	0	0	0	0	0	0	1101	1111	0001	11101
      4400	1	0	0	0	ZZZZ	0	0	0	0	0	0	0	0	0	0	1101	1111	0001	11101
      4500	1	1	0	0	ZZZZ	0	0	0	0	0	0	0	0	0	0	1101	1111	0001	11101
      4600	1	0	0	0	ZZZZ	0	0	0	0	0	0	0	0	0	0	1101	1111	0001	11101
      4700	1	1	0	0	ZZZZ	0	0	0	0	0	0	0	0	0	0	1101	1111	0001	11101
      4800	1	0	0	0	ZZZZ	0	0	0	0	0	0	0	0	0	0	1101	1111	0001	11101
      4900	1	1	0	0	ZZZZ	0	0	0	0	0	0	0	0	0	0	1101	1111	0001	11101
      5000	1	0	0	0	ZZZZ	0	0	0	0	0	0	0	0	0	0	1101	1111	0001	11101
      5100	1	1	0	0	ZZZZ	0	0	0	0	0	0	0	0	0	0	1101	1111	0001	11101
      5200	1	0	0	0	ZZZZ	0	0	0	0	0	0	0	0	0	0	1101	1111	0001	11101
      5300	1	1	0	0	ZZZZ	0	0	0	0	0	0	0	0	0	0	1101	1111	0001	11101
      5400	1	0	0	0	ZZZZ	0	0	0	0	0	0	0	0	0	0	1101	1111	0001	11101
      5500	1	1	0	0	ZZZZ	0	0	0	0	0	0	0	0	0	0	1101	1111	0001	11101
      5600	1	0	0	0	ZZZZ	0	0	0	0	0	0	0	0	0	0	1101	1111	0001	11101
      5700	1	1	0	0	ZZZZ	0	0	0	0	0	0	0	0	0	0	1101	1111	0001	11101
      5800	1	0	0	0	ZZZZ	0	0	0	0	0	0	0	0	0	0	1101	1111	0001	11101
      5900	1	1	0	0	ZZZZ	0	0	0	0	0	0	0	0	0	0	1101	1111	0001	11101
      6000	1	0	0	0	ZZZZ	0	0	0	0	0	0	0	0	0	0	1101	1111	0001	11101
      6100	1	1	0	0	ZZZZ	0	0	0	0	0	0	0	0	0	0	1101	1111	0001	11101
      6200	1	0	0	0	ZZZZ	0	0	0	0	0	0	0	0	0	0	1101	1111	0001	11101
      6300	1	1	0	0	ZZZZ	0	0	0	0	0	0	0	0	0	0	1101	1111	0001	11101
      6400	1	0	0	0	ZZZZ	0	0	0	0	0	0	0	0	0	0	1101	1111	0001	11101
      6500	1	1	0	0	ZZZZ	0	0	0	0	0	0	0	0	0	0	1101	1111	0001	11101
      6600	1	0	0	0	ZZZZ	0	0	0	0	0	0	0	0	0	0	1101	1111	0001	11101
      6700	1	1	0	0	ZZZZ	0	0	0	0	0	0	0	0	0	0	1101	1111	0001	11101
      6800	1	0	0	0	ZZZZ	0	0	0	0	0	0	0	0	0	0	1101	1111	0001	11101
      6900	1	1	0	0	ZZZZ	0	0	0	0	0	0	0	0	0	0	1101	1111	0001	11101
      7000	1	0	0	0	ZZZZ	0	0	0	0	0	0	0	0	0	0	1101	1111	0001	11101
      7100	1	1	0	0	ZZZZ	0	0	0	0	0	0	0	0	0	0	1101	1111	0001	11101
      7200	1	0	0	0	ZZZZ	0	0	0	0	0	0	0	0	0	0	1101	1111	0001	11101
      7300	1	1	0	0	ZZZZ	0	0	0	0	0	0	0	0	0	0	1101	1111	0001	11101
      7400	1	0	0	0	ZZZZ	0	0	0	0	0	0	0	0	0	0	1101	1111	0001	11101
      7500	1	1	0	0	ZZZZ	0	0	0	0	0	0	0	0	0	0	1101	1111	0001	11101
      7600	1	0	0	0	ZZZZ	0	0	0	0	0	0	0	0	0	0	1101	1111	0001	11101
      7700	1	1	0	0	ZZZZ	0	0	0	0	0	0	0	0	0	0	1101	1111	0001	11101
      7800	1	0	0	0	ZZZZ	0	0	0	0	0	0	0	0	0	0	1101	1111	0001	11101
      7900	1	1	0	0	ZZZZ	0	0	0	0	0	0	0	0	0	0	1101	1111	0001	11101
      8000	1	0	0	0	ZZZZ	0	0	0	0	0	0	0	0	0	0	1101	1111	0001	11101
      8100	1	1	0	0	ZZZZ	0	0	0	0	0	0	0	0	0	0	1101	1111	0001	11101
      8200	1	0	0	0	ZZZZ	0	0	0	0	0	0	0	0	0	0	1101	1111	0001	11101
      8300	1	1	0	0	ZZZZ	0	0	0	0	0	0	0	0	0	0	1101	1111	0001	11101
      8400	1	0	0	0	ZZZZ	0	0	0	0	0	0	0	0	0	0	1101	1111	0001	11101
      8500	1	1	0	0	ZZZZ	0	0	0	0	0	0	0	0	0	0	1101	1111	0001	11101
      8600	1	0	0	0	ZZZZ	0	0	0	0	0	0	0	0	0	0	1101	1111	0001	11101
      8700	1	1	0	0	ZZZZ	0	0	0	0	0	0	0	0	0	0	1101	1111	0001	11101
      8800	1	0	0	0	ZZZZ	0	0	0	0	0	0	0	0	0	0	1101	1111	0001	11101
      8900	1	1	0	0	ZZZZ	0	0	0	0	0	0	0	0	0	0	1101	1111	0001	11101
      9000	1	0	0	0	ZZZZ	0	0	0	0	0	0	0	0	0	0	1101	1111	0001	11101
      9100	1	1	0	0	ZZZZ	0	0	0	0	0	0	0	0	0	0	1101	1111	0001	11101
      9200	1	0	0	0	ZZZZ	0	0	0	0	0	0	0	0	0	0	1101	1111	0001	11101
      9300	1	1	0	0	ZZZZ	0	0	0	0	0	0	0	0	0	0	1101	1111	0001	11101
      9400	1	0	0	0	ZZZZ	0	0	0	0	0	0	0	0	0	0	1101	1111	0001	11101
      9500	1	1	0	0	ZZZZ	0	0	0	0	0	0	0	0	0	0	1101	1111	0001	11101
      9600	1	0	0	0	ZZZZ	0	0	0	0	0	0	0	0	0	0	1101	1111	0001	11101
      9700	1	1	0	0	ZZZZ	0	0	0	0	0	0	0	0	0	0	1101	1111	0001	11101
      9800	1	0	0	0	ZZZZ	0	0	0	0	0	0	0	0	0	0	1101	1111	0001	11101
      9900	1	1	0	0	ZZZZ	0	0	0	0	0	0	0	0	0	0	1101	1111	0001	11101
